L1
 0
 1
 4
 13
L14
 1
 2
 5
 14
L27
 1
 7
 12
 33
L40
 1
 8
 24
 26
L53
 1
 10
 37
 38
L2
 0
 2
 24
 17
L15
 2
 3
 6
 15
L28
 2
 19
 26
 4
L41
 2
 22
 12
 32
L54
 2
 33
 29
 30
L3
 0
 3
 12
 39
L16
 3
 5
 27
 20
L29
 3
 38
 32
 24
L42
 3
 10
 26
 28
L55
 3
 4
 7
 16
L4
 0
 5
 26
 34
L17
 5
 6
 9
 18
L30
 5
 30
 28
 12
L43
 5
 33
 32
 36
L56
 5
 24
 19
 13
L5
 0
 6
 32
 11
L18
 6
 27
 35
 1
L31
 6
 16
 36
 26
L44
 6
 4
 28
 21
L57
 6
 12
 38
 17
L6
 0
 27
 28
 31
L19
 27
 9
 25
 2
L32
 27
 13
 21
 32
L45
 27
 24
 36
 23
L58
 27
 26
 30
 39
L7
 0
 9
 36
 37
L20
 9
 35
 14
 3
L33
 9
 17
 23
 28
L46
 9
 12
 21
 8
L59
 9
 32
 16
 34
L8
 0
 35
 21
 29
L21
 35
 25
 15
 5
L34
 35
 39
 8
 36
L47
 35
 26
 23
 22
L60
 35
 28
 13
 11
L9
 0
 25
 23
 7
L22
 25
 14
 20
 6
L35
 25
 34
 22
 21
L48
 25
 32
 8
 10
L61
 25
 36
 17
 31
L10
 0
 14
 8
 19
L23
 14
 15
 18
 27
L36
 14
 11
 10
 23
L49
 14
 28
 22
 33
L62
 14
 21
 39
 37
L11
 0
 15
 22
 38
L24
 15
 20
 1
 9
L37
 15
 31
 33
 8
L50
 15
 36
 10
 4
L63
 15
 23
 34
 29
L12
 0
 20
 10
 30
L25
 20
 18
 2
 35
L38
 20
 37
 4
 22
L51
 20
 21
 33
 24
L64
 20
 8
 11
 7
L13
 0
 18
 33
 16
L26
 18
 1
 3
 25
L39
 18
 29
 24
 10
L52
 18
 23
 4
 12
L65
 18
 22
 31
 19
L66
 1
 11
 21
 31
L79
 1
 16
 23
 39
L92
 1
 17
 19
 34
L105
 1
 22
 30
 36
L118
 1
 28
 29
 32
L67
 2
 31
 23
 37
L80
 2
 13
 8
 34
L93
 2
 39
 38
 11
L106
 2
 10
 16
 21
L119
 2
 36
 7
 28
L68
 3
 37
 8
 29
L81
 3
 17
 22
 11
L94
 3
 34
 30
 31
L107
 3
 33
 13
 23
L120
 3
 21
 19
 36
L69
 5
 29
 22
 7
L82
 5
 39
 10
 31
L95
 5
 11
 16
 37
L108
 5
 4
 17
 8
L121
 5
 23
 38
 21
L70
 6
 7
 10
 19
L83
 6
 34
 33
 37
L96
 6
 31
 13
 29
L109
 6
 24
 39
 22
L122
 6
 8
 30
 23
L71
 27
 19
 33
 38
L84
 27
 11
 4
 29
L97
 27
 37
 17
 7
L110
 27
 12
 34
 10
L123
 27
 22
 16
 8
L72
 9
 38
 4
 30
L85
 9
 31
 24
 7
L98
 9
 29
 39
 19
L111
 9
 26
 11
 33
L124
 9
 10
 13
 22
L73
 35
 30
 24
 16
L86
 35
 37
 12
 19
L99
 35
 7
 34
 38
L112
 35
 32
 31
 4
L125
 35
 33
 17
 10
L74
 25
 16
 12
 13
L87
 25
 29
 26
 38
L100
 25
 19
 11
 30
L113
 25
 28
 37
 24
L126
 25
 4
 39
 33
L75
 14
 13
 26
 17
L88
 14
 7
 32
 30
L101
 14
 38
 31
 16
L114
 14
 36
 29
 12
L127
 14
 24
 34
 4
L76
 15
 17
 32
 39
L89
 15
 19
 28
 16
L102
 15
 30
 37
 13
L115
 15
 21
 7
 26
L128
 15
 12
 11
 24
L77
 20
 39
 28
 34
L90
 20
 38
 36
 13
L103
 20
 16
 29
 17
L116
 20
 23
 19
 32
L129
 20
 26
 31
 12
L78
 18
 34
 36
 11
L91
 18
 30
 21
 17
L104
 18
 13
 7
 39
L117
 18
 8
 38
 28
L130
 18
 32
 37
 26
